CONV NORM
# 31x31 convolution mask of a Gaussian with fwhm = 6 pixels
0.00000000 0.00000000 0.00000000 0.00000000 0.00000000 0.00000000 0.00000000 0.00000000 0.00000000 0.00000000 0.00000000 0.00000001 0.00000001 0.00000002 0.00000003 0.00000003 0.00000003 0.00000002 0.00000001 0.00000001 0.00000000 0.00000000 0.00000000 0.00000000 0.00000000 0.00000000 0.00000000 0.00000000 0.00000000 0.00000000 0.00000000
0.00000000 0.00000000 0.00000000 0.00000000 0.00000000 0.00000000 0.00000000 0.00000000 0.00000001 0.00000002 0.00000004 0.00000008 0.00000014 0.00000020 0.00000026 0.00000028 0.00000026 0.00000020 0.00000014 0.00000008 0.00000004 0.00000002 0.00000001 0.00000000 0.00000000 0.00000000 0.00000000 0.00000000 0.00000000 0.00000000 0.00000000
0.00000000 0.00000000 0.00000000 0.00000000 0.00000000 0.00000000 0.00000000 0.00000002 0.00000005 0.00000014 0.00000032 0.00000065 0.00000111 0.00000164 0.00000206 0.00000222 0.00000206 0.00000164 0.00000111 0.00000065 0.00000032 0.00000014 0.00000005 0.00000002 0.00000000 0.00000000 0.00000000 0.00000000 0.00000000 0.00000000 0.00000000
0.00000000 0.00000000 0.00000000 0.00000000 0.00000000 0.00000001 0.00000003 0.00000011 0.00000035 0.00000095 0.00000222 0.00000445 0.00000763 0.00001121 0.00001413 0.00001526 0.00001413 0.00001121 0.00000763 0.00000445 0.00000222 0.00000095 0.00000035 0.00000011 0.00000003 0.00000001 0.00000000 0.00000000 0.00000000 0.00000000 0.00000000
0.00000000 0.00000000 0.00000000 0.00000000 0.00000001 0.00000004 0.00000018 0.00000065 0.00000206 0.00000561 0.00001308 0.00002616 0.00004485 0.00006592 0.00008306 0.00008971 0.00008306 0.00006592 0.00004485 0.00002616 0.00001308 0.00000561 0.00000206 0.00000065 0.00000018 0.00000004 0.00000001 0.00000000 0.00000000 0.00000000 0.00000000
0.00000000 0.00000000 0.00000000 0.00000001 0.00000004 0.00000020 0.00000088 0.00000327 0.00001038 0.00002826 0.00006592 0.00013184 0.00022604 0.00033222 0.00041858 0.00045209 0.00041858 0.00033222 0.00022604 0.00013184 0.00006592 0.00002826 0.00001038 0.00000327 0.00000088 0.00000020 0.00000004 0.00000001 0.00000000 0.00000000 0.00000000
0.00000000 0.00000000 0.00000000 0.00000003 0.00000018 0.00000088 0.00000381 0.00001413 0.00004485 0.00012207 0.00028480 0.00056959 0.00097656 0.00143529 0.00180835 0.00195312 0.00180835 0.00143529 0.00097656 0.00056959 0.00028480 0.00012207 0.00004485 0.00001413 0.00000381 0.00000088 0.00000018 0.00000003 0.00000000 0.00000000 0.00000000
0.00000000 0.00000000 0.00000002 0.00000011 0.00000065 0.00000327 0.00001413 0.00005232 0.00016611 0.00045209 0.00105475 0.00210949 0.00361670 0.00531559 0.00669722 0.00723340 0.00669722 0.00531559 0.00361670 0.00210949 0.00105475 0.00045209 0.00016611 0.00005232 0.00001413 0.00000327 0.00000065 0.00000011 0.00000002 0.00000000 0.00000000
0.00000000 0.00000001 0.00000005 0.00000035 0.00000206 0.00001038 0.00004485 0.00016611 0.00052737 0.00143529 0.00334861 0.00669722 0.01148230 0.01687593 0.02126234 0.02296460 0.02126234 0.01687593 0.01148230 0.00669722 0.00334861 0.00143529 0.00052737 0.00016611 0.00004485 0.00001038 0.00000206 0.00000035 0.00000005 0.00000001 0.00000000
0.00000000 0.00000002 0.00000014 0.00000095 0.00000561 0.00002826 0.00012207 0.00045209 0.00143529 0.00390625 0.00911351 0.01822702 0.03125000 0.04592920 0.05786717 0.06250000 0.05786717 0.04592920 0.03125000 0.01822702 0.00911351 0.00390625 0.00143529 0.00045209 0.00012207 0.00002826 0.00000561 0.00000095 0.00000014 0.00000002 0.00000000
0.00000000 0.00000004 0.00000032 0.00000222 0.00001308 0.00006592 0.00028480 0.00105475 0.00334861 0.00911351 0.02126234 0.04252469 0.07290806 0.10715550 0.13500747 0.14581613 0.13500747 0.10715550 0.07290806 0.04252469 0.02126234 0.00911351 0.00334861 0.00105475 0.00028480 0.00006592 0.00001308 0.00000222 0.00000032 0.00000004 0.00000000
0.00000001 0.00000008 0.00000065 0.00000445 0.00002616 0.00013184 0.00056959 0.00210949 0.00669722 0.01822702 0.04252469 0.08504938 0.14581613 0.21431100 0.27001493 0.29163226 0.27001493 0.21431100 0.14581613 0.08504938 0.04252469 0.01822702 0.00669722 0.00210949 0.00056959 0.00013184 0.00002616 0.00000445 0.00000065 0.00000008 0.00000001
0.00000001 0.00000014 0.00000111 0.00000763 0.00004485 0.00022604 0.00097656 0.00361670 0.01148230 0.03125000 0.07290806 0.14581613 0.25000000 0.36743362 0.46293736 0.50000000 0.46293736 0.36743362 0.25000000 0.14581613 0.07290806 0.03125000 0.01148230 0.00361670 0.00097656 0.00022604 0.00004485 0.00000763 0.00000111 0.00000014 0.00000001
0.00000002 0.00000020 0.00000164 0.00001121 0.00006592 0.00033222 0.00143529 0.00531559 0.01687593 0.04592920 0.10715550 0.21431100 0.36743362 0.54002987 0.68039500 0.73486725 0.68039500 0.54002987 0.36743362 0.21431100 0.10715550 0.04592920 0.01687593 0.00531559 0.00143529 0.00033222 0.00006592 0.00001121 0.00000164 0.00000020 0.00000002
0.00000003 0.00000026 0.00000206 0.00001413 0.00008306 0.00041858 0.00180835 0.00669722 0.02126234 0.05786717 0.13500747 0.27001493 0.46293736 0.68039500 0.85724398 0.92587471 0.85724398 0.68039500 0.46293736 0.27001493 0.13500747 0.05786717 0.02126234 0.00669722 0.00180835 0.00041858 0.00008306 0.00001413 0.00000206 0.00000026 0.00000003
0.00000003 0.00000028 0.00000222 0.00001526 0.00008971 0.00045209 0.00195312 0.00723340 0.02296460 0.06250000 0.14581613 0.29163226 0.50000000 0.73486725 0.92587471 1.00000000 0.92587471 0.73486725 0.50000000 0.29163226 0.14581613 0.06250000 0.02296460 0.00723340 0.00195312 0.00045209 0.00008971 0.00001526 0.00000222 0.00000028 0.00000003
0.00000003 0.00000026 0.00000206 0.00001413 0.00008306 0.00041858 0.00180835 0.00669722 0.02126234 0.05786717 0.13500747 0.27001493 0.46293736 0.68039500 0.85724398 0.92587471 0.85724398 0.68039500 0.46293736 0.27001493 0.13500747 0.05786717 0.02126234 0.00669722 0.00180835 0.00041858 0.00008306 0.00001413 0.00000206 0.00000026 0.00000003
0.00000002 0.00000020 0.00000164 0.00001121 0.00006592 0.00033222 0.00143529 0.00531559 0.01687593 0.04592920 0.10715550 0.21431100 0.36743362 0.54002987 0.68039500 0.73486725 0.68039500 0.54002987 0.36743362 0.21431100 0.10715550 0.04592920 0.01687593 0.00531559 0.00143529 0.00033222 0.00006592 0.00001121 0.00000164 0.00000020 0.00000002
0.00000001 0.00000014 0.00000111 0.00000763 0.00004485 0.00022604 0.00097656 0.00361670 0.01148230 0.03125000 0.07290806 0.14581613 0.25000000 0.36743362 0.46293736 0.50000000 0.46293736 0.36743362 0.25000000 0.14581613 0.07290806 0.03125000 0.01148230 0.00361670 0.00097656 0.00022604 0.00004485 0.00000763 0.00000111 0.00000014 0.00000001
0.00000001 0.00000008 0.00000065 0.00000445 0.00002616 0.00013184 0.00056959 0.00210949 0.00669722 0.01822702 0.04252469 0.08504938 0.14581613 0.21431100 0.27001493 0.29163226 0.27001493 0.21431100 0.14581613 0.08504938 0.04252469 0.01822702 0.00669722 0.00210949 0.00056959 0.00013184 0.00002616 0.00000445 0.00000065 0.00000008 0.00000001
0.00000000 0.00000004 0.00000032 0.00000222 0.00001308 0.00006592 0.00028480 0.00105475 0.00334861 0.00911351 0.02126234 0.04252469 0.07290806 0.10715550 0.13500747 0.14581613 0.13500747 0.10715550 0.07290806 0.04252469 0.02126234 0.00911351 0.00334861 0.00105475 0.00028480 0.00006592 0.00001308 0.00000222 0.00000032 0.00000004 0.00000000
0.00000000 0.00000002 0.00000014 0.00000095 0.00000561 0.00002826 0.00012207 0.00045209 0.00143529 0.00390625 0.00911351 0.01822702 0.03125000 0.04592920 0.05786717 0.06250000 0.05786717 0.04592920 0.03125000 0.01822702 0.00911351 0.00390625 0.00143529 0.00045209 0.00012207 0.00002826 0.00000561 0.00000095 0.00000014 0.00000002 0.00000000
0.00000000 0.00000001 0.00000005 0.00000035 0.00000206 0.00001038 0.00004485 0.00016611 0.00052737 0.00143529 0.00334861 0.00669722 0.01148230 0.01687593 0.02126234 0.02296460 0.02126234 0.01687593 0.01148230 0.00669722 0.00334861 0.00143529 0.00052737 0.00016611 0.00004485 0.00001038 0.00000206 0.00000035 0.00000005 0.00000001 0.00000000
0.00000000 0.00000000 0.00000002 0.00000011 0.00000065 0.00000327 0.00001413 0.00005232 0.00016611 0.00045209 0.00105475 0.00210949 0.00361670 0.00531559 0.00669722 0.00723340 0.00669722 0.00531559 0.00361670 0.00210949 0.00105475 0.00045209 0.00016611 0.00005232 0.00001413 0.00000327 0.00000065 0.00000011 0.00000002 0.00000000 0.00000000
0.00000000 0.00000000 0.00000000 0.00000003 0.00000018 0.00000088 0.00000381 0.00001413 0.00004485 0.00012207 0.00028480 0.00056959 0.00097656 0.00143529 0.00180835 0.00195312 0.00180835 0.00143529 0.00097656 0.00056959 0.00028480 0.00012207 0.00004485 0.00001413 0.00000381 0.00000088 0.00000018 0.00000003 0.00000000 0.00000000 0.00000000
0.00000000 0.00000000 0.00000000 0.00000001 0.00000004 0.00000020 0.00000088 0.00000327 0.00001038 0.00002826 0.00006592 0.00013184 0.00022604 0.00033222 0.00041858 0.00045209 0.00041858 0.00033222 0.00022604 0.00013184 0.00006592 0.00002826 0.00001038 0.00000327 0.00000088 0.00000020 0.00000004 0.00000001 0.00000000 0.00000000 0.00000000
0.00000000 0.00000000 0.00000000 0.00000000 0.00000001 0.00000004 0.00000018 0.00000065 0.00000206 0.00000561 0.00001308 0.00002616 0.00004485 0.00006592 0.00008306 0.00008971 0.00008306 0.00006592 0.00004485 0.00002616 0.00001308 0.00000561 0.00000206 0.00000065 0.00000018 0.00000004 0.00000001 0.00000000 0.00000000 0.00000000 0.00000000
0.00000000 0.00000000 0.00000000 0.00000000 0.00000000 0.00000001 0.00000003 0.00000011 0.00000035 0.00000095 0.00000222 0.00000445 0.00000763 0.00001121 0.00001413 0.00001526 0.00001413 0.00001121 0.00000763 0.00000445 0.00000222 0.00000095 0.00000035 0.00000011 0.00000003 0.00000001 0.00000000 0.00000000 0.00000000 0.00000000 0.00000000
0.00000000 0.00000000 0.00000000 0.00000000 0.00000000 0.00000000 0.00000000 0.00000002 0.00000005 0.00000014 0.00000032 0.00000065 0.00000111 0.00000164 0.00000206 0.00000222 0.00000206 0.00000164 0.00000111 0.00000065 0.00000032 0.00000014 0.00000005 0.00000002 0.00000000 0.00000000 0.00000000 0.00000000 0.00000000 0.00000000 0.00000000
0.00000000 0.00000000 0.00000000 0.00000000 0.00000000 0.00000000 0.00000000 0.00000000 0.00000001 0.00000002 0.00000004 0.00000008 0.00000014 0.00000020 0.00000026 0.00000028 0.00000026 0.00000020 0.00000014 0.00000008 0.00000004 0.00000002 0.00000001 0.00000000 0.00000000 0.00000000 0.00000000 0.00000000 0.00000000 0.00000000 0.00000000
0.00000000 0.00000000 0.00000000 0.00000000 0.00000000 0.00000000 0.00000000 0.00000000 0.00000000 0.00000000 0.00000000 0.00000001 0.00000001 0.00000002 0.00000003 0.00000003 0.00000003 0.00000002 0.00000001 0.00000001 0.00000000 0.00000000 0.00000000 0.00000000 0.00000000 0.00000000 0.00000000 0.00000000 0.00000000 0.00000000 0.00000000
